1.000000e+00 -1.822835e-10 5.241111e-10 -5.551115e-17 -1.822835e-10 9.999999e-01 -5.072855e-10 -3.330669e-16 5.241111e-10 -5.072855e-10 9.999999e-01 2.220446e-16
0.9997521778760597 -0.017721308500143373 0.013473605943387368 -0.451024734788841 0.017828182972681603 0.9998102186038562 -0.00785383137084511 0.08302143332221767 -0.013331868735009245 0.0080920949297347 0.999878382242401 -1.1082744451906685
0.999226662155848 -0.024605048253207123 0.030670331549224612 -0.9100080097625263 0.025011315020654117 0.9996034983046032 -0.012933688496973371 0.1390002584500167 -0.030339936681206683 0.013690791710359935 0.9994458717031776 -2.1999834919897143
0.9984970910969714 -0.007826365572695025 0.054243037090568984 -1.4427577941366594 0.00819779771367661 0.9999444284276987 -0.006628436395479706 0.18103149990220935 -0.05418814615330494 0.007063147904852013 0.9985057620054795 -3.265317446124761
0.9970398461051301 0.018874672198846032 0.07453383143274893 -1.9631610323742528 -0.01912925201273406 0.9998133649021828 0.002703161188091094 0.28236572602448806 -0.07446889952250248 -0.004120935859923158 0.9972148218370736 -4.333002948838181
0.9948740112766806 0.025419703844140443 0.0978751262718222 -2.5657595876936803 -0.025726135129320784 0.9996672793641076 0.0018699037601458786 0.3441917327510194 -0.09779502879777029 -0.004378267378825498 0.9951969468990564 -5.363557975632145
0.9870503322159672 0.08527895997752218 0.1358644201308899 -3.232315247649468 -0.09053805270903231 0.9953460989205707 0.03300006629173428 0.4029957818583952 -0.13241790922683777 -0.04487362642749751 0.9901776885828315 -6.348687598971877
0.9825090297916913 0.10480545942511715 0.15392148015297213 -3.813742843409001 -0.1119939503511232 0.9929521006070778 0.03877474673989548 0.45233813375389686 -0.14877285190027653 -0.05533481340605599 0.9873219824164636 -7.389291909315075
0.3279350075213887 0.6610964326846734 0.6748408238492599 -4.687920585004224 -0.9270025385339731 0.08756519474355957 0.36468977257539587 0.5478837371549662 0.18200253952491377 -0.7451737001271064 0.6415537641112864 -8.193659340801721
0.33507383259572704 0.6599468269366742 0.6724549890705169 -5.596677877219419 -0.9303491020661998 0.11894376134718987 0.3468471275954294 0.613662710322954 0.1489163355519718 -0.7418372916299094 0.6538358798299254 -8.96217955785572
0.3195449109093183 0.6609510640677295 0.6789953908677842 -6.435245634893433 -0.9375229587697358 0.11644920017802529 0.3278571114945354 0.6932605720986389 0.13762903651336547 -0.7413388393208838 0.65686754648313 -9.805473001916875
0.31283171177874286 0.6615173859829299 0.6815651606030753 -7.27026031873046 -0.9426447256054875 0.12826873217550444 0.30816887194239106 0.8153630013634242 0.11643556756308718 -0.7388787995256062 0.663702401847289 -10.648014742227016
0.3081355020284117 0.6625677547987345 0.6826832960389944 -8.125548494851587 -0.9472376261434954 0.14708675373605373 0.2847917949896498 1.0323288917327937 0.08828019034718729 -0.7344177674705006 0.6729317579189659 -11.449398715383477
0.29207847586966706 0.664498973307765 0.6878453884461102 -8.938643344947044 -0.9536715685379743 0.14812618447548168 0.26185716112998814 1.2381247790363505 0.07211590182458372 -0.7324614310294177 0.6769782483642768 -12.298574836827454
0.2629910725435033 0.6645461361436061 0.699438438105187 -9.781973632914205 -0.9622125573075493 0.12762028716495716 0.24054117498590796 1.4318360745870162 0.07058817409513371 -0.7362686298088073 0.6729976333074111 -13.117496726591773
0.23070783033311484 0.6640523587129822 0.7112020542087278 -10.62781653873491 -0.9710169143613748 0.11021319549437225 0.2120830110193533 1.7330334826758098 0.062450372673846094 -0.7395184354880177 0.6702331195384575 -13.904301418997216
0.20867347981453468 0.6649691682345014 0.7171271743000763 -11.459605866853082 -0.9771563594199095 0.11157909556300728 0.1808744168714049 2.1062873865138396 0.04025950902981892 -0.7384890728581284 0.673062449704201 -14.67832264237107
0.18639454311024775 0.6656871170661097 0.7225771491480597 -12.27344742604243 -0.9822704654376597 0.11126197488956695 0.1508824233386967 2.487579889024808 0.02004512478399708 -0.7378898529698632 0.674623419291465 -15.464321344103164
0.15311260939067223 0.6677879573947149 0.7284337806583221 -13.12280554069865 -0.987254202061946 0.07097573471866914 0.1424485366445601 2.514856247105142 0.043424294543612595 -0.7409599780283286 0.6701437469704913 -16.304318186202533
0.1441115462586919 0.6685814943669208 0.7295413954156572 -13.983686581970199 -0.9884142444249691 0.06176466839497764 0.1386448958882999 2.4746235193129587 0.04763552931108604 -0.7410694374538429 0.6697364744577533 -17.13154027761947
0.1412354480803287 0.6687522482817327 0.7299472437263372 -14.853184286883778 -0.9889407317238197 0.06159572658640434 0.1349155128361847 2.4871451163583878 0.045263421690212045 -0.7409294142389157 0.6700558378019512 -17.950607796318547
0.13090545960297492 0.6687034558014 0.7319149191302219 -15.70960717488841 -0.990102506835949 0.05049790101171735 0.13094650797398794 2.4605576435692607 0.050604215272091635 -0.7418124090312038 0.6686954188597536 -18.78267182955755
-0.6739020294466695 0.6491083546910583 0.3528659782097566 -16.221138678149416 -0.1606086716284456 -0.5948932863585626 0.7875956020974578 1.4817006939880126 0.7211524868607255 0.4740889386136059 0.5051522235710924 -19.243416038866762
-0.6845314221042521 0.6410572602244563 0.3470768232905294 -16.421440521841493 -0.15838442414202517 -0.5955253417581471 0.7875683725957022 0.5445070267525028 0.7115694669820598 0.4841437353073518 0.5091892940955418 -19.963979025460908
-0.6912626457315553 0.635944314814458 0.3431191965941004 -16.690245384490158 -0.1596956360593818 -0.5975446222675992 0.7857720586930173 -0.3588126754496793 0.7047363041874627 0.48838023388978513 0.5146178083840088 -20.700059521630237
-0.6934945727657912 0.6359260818151702 0.3386196922974203 -16.867353582676905 -0.16443569901735336 -0.5973070552552335 0.7849746382087746 -1.2758949064083334 0.701445777257994 0.48869448555260625 0.5187981508808681 -21.440079862279443
-0.685151302062094 0.6462801902884474 0.33599048933466324 -17.111532023030197 -0.17465773474001703 -0.5935799891518657 0.7855937068064881 -2.218007187538135 0.7071508813387054 0.4795672133488678 0.5195699364885342 -22.14230176924662
-0.6536224648085041 0.6800159277618021 0.33219875298970053 -17.332471189446675 -0.20066698963424606 -0.5789465022311986 0.7902871040485172 -3.142054893432159 0.7297331243466958 0.44988808113186995 0.5148691889079205 -22.882731391079133
-0.6490508760390485 0.6866603229282514 0.32746077815368063 -17.51162312531649 -0.20947060667232714 -0.5751198074633921 0.7907966059636321 -4.068408066469622 0.7313378325051125 0.444673822008155 0.5171171692831231 -23.606050210159754
-0.652475366248445 0.6861299597297553 0.32171660634820026 -17.671329159506982 -0.21392360158781504 -0.5740346780265079 0.7903928650403554 -4.995908909530305 0.7269887132016982 0.4468890989767455 0.5213228789273496 -24.342691390103806
-0.6549291326506396 0.6865117647555877 0.31586298937617024 -17.830093638355493 -0.22043699146483384 -0.5733568471117731 0.7890940746602905 -5.9015931179522045 0.7228245734612371 0.4471728108038491 0.5268406906061581 -25.111132495046313
-0.6512046666170995 0.6923130860471745 0.3108618231046569 -18.025556518663144 -0.23019881970202882 -0.5705198780315404 0.7883625892815246 -6.766905516446056 0.7231465865119681 0.4418253723573535 0.5308948622442901 -25.91527626085054
-0.6575228580978651 0.688422556290351 0.30616674389860554 -18.1930247708495 -0.23372153360554898 -0.5726840092239095 0.78575267756992 -7.648897681153495 0.7162666652915595 0.4450925853908236 0.5374520021566871 -26.708864419605217
-0.6681272740511333 0.6813912342112699 0.29885101908651124 -18.314024629243633 -0.23527848034837315 -0.5745267067905908 0.7839407502288158 -8.559249790230556 0.7058682471637094 0.4534589828467413 0.5441736565855062 -27.480041697851448
-0.6709960923552853 0.6802945556701039 0.2948958486814556 -18.515301035669523 -0.23926768302267717 -0.5751118554208888 0.7823025818794811 -9.444103734087735 0.7017942860303885 0.4543629290335637 0.5486703097627457 -28.261510670682416
-0.6764766034747575 0.6780451518749826 0.28746160955872024 -18.605295130546914 -0.2468524988386294 -0.5765063158184733 0.7789122618360398 -10.2969769057064 0.6938611163398523 0.4559553046519397 0.5573701744723881 -29.096418169010906
-0.6894727593826137 0.667371364498715 0.28150093413068933 -18.707044840242002 -0.24682923725287792 -0.5818696112092198 0.7749213400006439 -11.180699901944037 0.6809571511530613 0.46480449373726557 0.5659100113049439 -29.89856274089755
-0.697979616013639 0.6615240767762686 0.27424505733879934 -18.796386942805327 -0.2494489394702851 -0.58357173335598 0.7727996238515176 -12.060128372373367 0.6712672211769387 0.47098824600323513 0.5723376537501244 -30.710654482119285
-0.7015797495678439 0.6609102106116794 0.26642737942176686 -18.87284803833693 -0.2543754102266907 -0.5815331364950622 0.7727304587177973 -12.927356417355288 0.6656417998205418 0.474359467774643 0.5761111782149675 -31.537239445573153
-0.719479642305722 0.6453495768231216 0.25665729680227584 -18.876080112631218 -0.2521844402486786 -0.5870829154304691 0.7692442125268936 -13.792453652754814 0.6471105411010529 0.48873057414477444 0.5851413277935791 -32.37014599473897
-0.7240462218224557 0.6437715425142748 0.2476192030385 -18.913758458068944 -0.255619287610631 -0.5838765417240682 0.770549780238613 -14.690045652075828 0.64063706454284 0.49461741282847727 0.5873140271275734 -33.17421774389401
-0.7299783313244411 0.6383480336335169 0.2442200314327441 -18.995083348779527 -0.2533000755823246 -0.5845539440187454 0.7708020227283507 -15.61758303276343 0.634799738111776 0.500807821912113 0.5884053177911269 -33.93643769908454
-0.7423460313646607 0.6308230450907812 0.22579781996187587 -18.853839038550266 -0.267754901970042 -0.5882297515235887 0.7630813009722552 -16.369909478793183 0.6141902654618988 0.5060119022363939 0.6055759841728865 -34.85941964925187
-0.7478602389757124 0.6255194957671829 0.22232953779100667 -18.871099598078747 -0.26822719489745167 -0.5910706456100557 0.7607165463006277 -17.2676674170051 0.6072554939040411 0.5092748298446369 0.6098195739807696 -35.657427074058496
-0.7524284104754849 0.622702669886106 0.21469250575195623 -18.810024198151126 -0.27299580816013136 -0.5914555599392538 0.758718399239097 -18.128737109994947 0.5994370491021876 0.5122711250242998 0.6150231854410151 -36.49312451335031
-0.7575544242621833 0.6192420228103361 0.2065202446893726 -18.774772103542087 -0.27739419173283125 -0.5917731856450157 0.7568731460056148 -19.002655750836958 0.5909008010433627 0.5160850840097163 0.6200745353495899 -37.32289560587501
-0.7667490283902508 0.6101822878035694 0.19943295393041627 -18.772404370553144 -0.2774512548210088 -0.5951471045258291 0.7542020453252343 -19.887935281997883 0.5788926745614087 0.5229507621424092 0.6256243055651102 -38.13917295707378
-0.7701043732188115 0.6082717603144585 0.19221009326571448 -18.788720962244216 -0.2823529832099077 -0.5952066245975692 0.752333614101903 -20.751577958154858 0.572028012619779 0.5251043131027602 0.6301185706985303 -38.979793238640234
-0.7798373272461401 0.5997525826280211 0.17930583555651136 -18.706504218418566 -0.28768683561742175 -0.5977752861824299 0.7482653218223769 -21.583181385457884 0.5559586564179374 0.5319413002019452 0.6387084041199402 -39.85185778887495
-0.7887483248156684 0.5933465662286607 0.16067337192309764 -18.500639278737026 -0.2997539777953253 -0.5994428429770006 0.7421696779035958 -22.35292482865028 0.5366783327994185 0.53722260781571 0.6506675316590959 -40.75603171608645
-0.7833028111856362 0.6064089684664494 0.1367657448052713 -18.22229402063486 -0.32436803337553743 -0.5863904798687061 0.7422476568123559 -23.100057835434026 0.5303037666401892 0.5370422405014431 0.6560209958564075 -41.66128390246123
-0.7892407707535217 0.6020484828569579 0.12098194109050751 -17.98374978871073 -0.33438550873508815 -0.5865828481757055 0.7376360171345023 -23.890371201489643 0.5150585765991764 0.5417178107794846 0.6642713874283068 -42.537546200391816
-0.7916209249749344 0.6002722549814037 0.11405933123324288 -17.828396323776513 -0.33860279881302324 -0.5863661243205138 0.7358824042503832 -24.70714916172197 0.5086103181983463 0.5439191007391497 0.667433559295086 -43.40823019101796
-0.7982601072818798 0.5930281407345424 0.10534906463399887 -17.639506778667638 -0.3410137447519406 -0.5891608168027458 0.7325292880387624 -25.54169236863556 0.496478022688403 0.5488234290199885 0.6725343238424129 -44.25265660870097
-0.8145158717872584 0.5723994107244111 0.09446062253126611 -17.44143221695075 -0.33643464522265165 -0.598697502190382 0.7268927227348633 -26.355943223238903 0.47262630491812174 0.560285833725385 0.680223610606181 -45.11216915881433
-0.825093306953434 0.5587052237948842 0.08408036468141672 -17.21863418859003 -0.3351444145354544 -0.6037858343883573 0.7232709641604863 -27.167788003944008 0.45486179904047847 0.5685869670474948 0.6854265859137704 -45.971800156103555
-0.9949399147041731 -0.0968939859663493 0.026572948876839024 -16.981651031727804 0.09412671269999973 -0.8064164320077623 0.5838087873132426 -27.954008017775067 -0.0351386978237726 0.5833558893775099 0.8114562084572654 -46.84352214416004
-0.9957512593095257 -0.0918517601162945 0.0065332799601699465 -16.58103124550247 0.07835400080526593 -0.807876461305232 0.584120085108141 -28.610330351438627 -0.04837437484152144 0.582150218957682 0.8116409565973316 -47.756784221048804
-0.9962293602327659 -0.0866959676066146 -0.003297121619234554 -16.301477827068926 0.0682204528818807 -0.8062727571437649 0.5875969799925631 -29.380873843710834 -0.05360066808175602 0.5851564323226288 0.8091470311956032 -48.625876799710085
-0.9959325415568387 -0.09003890557413795 -0.0033716688972601156 -16.248571494570143 0.07091563657306982 -0.8063929636284768 0.5871127325309147 -30.151853740835357 -0.055581877960158135 0.5844855718437342 0.8094981600651978 -49.532545743387104
-0.9984331470551618 0.055493640330341557 0.007190740185679216 -15.8856311527327 -0.03882219531872162 -0.7794955113888319 0.625203634726557 -30.93300169486814 0.0402999753370406 0.6239448722503902 0.7804285414951799 -50.35400710289304
-0.9976435334198823 0.05576463452774557 -0.03997106155063778 -15.212339733623224 -0.0685310259778836 -0.7819139047061635 0.6196080568436624 -31.476989609994963 0.0032982880280264266 0.6208872290224314 0.7838929583386668 -51.16561659144005
-0.9977367662950456 0.05418298175555421 -0.03981896120177908 -15.040215168007188 -0.06719686587508984 -0.782012892178286 0.619629258253286 -32.219606087777144 0.0024344197822100348 0.6209026018265955 0.7838839408007441 -52.07372804429586
-0.9961770569878823 0.07869573073351925 -0.037924307446350614 -14.860092044258932 -0.08522503023384997 -0.7801748792338425 0.619728853640121 -32.98155258288524 0.01918242301187494 0.6205917657984054 0.7838991611620892 -52.954322308304356
-0.9968305083454735 0.0704610310319797 -0.03693481741692312 -14.713240081715483 -0.07821416865673421 -0.783142932389793 0.6169033078767309 -33.73385590927825 0.014542401900865367 0.617836864029521 0.7861718183661489 -53.84543785288383
-0.9978409833131443 0.05450515354373613 -0.03664096420452953 -14.564719219491968 -0.06550108867245408 -0.7851846953333662 0.6157877894185396 -34.49633223286763 0.004793683696964573 0.616858316351031 0.7870596153692564 -54.727987798197994
-0.9975069270112624 0.06067444902407504 -0.036035285487693657 -14.406349592692388 -0.0699441849464038 -0.7822800900740009 0.6189876183462761 -35.24351717946879 0.00936704631873304 0.6199648957073652 0.7845736335958762 -55.62550963009066
-0.9972742524924917 0.06561427395315665 -0.0337465904818464 -14.25363000107879 -0.07235976910492965 -0.7803067686407608 0.6211967567755767 -35.99282049123916 0.014426681206357202 0.6219454267594714 0.7829276831242884 -56.516293915672954
-0.9990337133037004 0.0285602540940169 -0.03340586129277436 -14.164212024479909 -0.043122194241569795 -0.783830054526595 0.6194763288331745 -36.74329877357726 -0.008492116721914553 0.6203182711374275 0.7843042307973811 -57.40449441987671
-0.9980136103008418 0.055773463130536806 -0.02929427358228388 -14.042282352923543 -0.06192336853968981 -0.7829245290156166 0.6190272031941505 -37.48330671395753 0.011590085546889043 0.6196115740333685 0.7848230165081329 -58.295699346192386
-0.9983791808967244 0.0507499298424815 -0.025757635236514663 -13.979987809368005 -0.05582251564713471 -0.7850840701096521 0.616868583741211 -38.209161503908895 0.011084128239019917 0.6173066073524993 0.7866445796038679 -59.197354708622996
-0.9979922176112305 0.05935500941524943 -0.0221024081208894 -13.858521798427335 -0.06030346561199408 -0.7837651872001511 0.618122660455264 -38.93373995808165 0.019365578292663582 0.6182144564715665 0.7857708700295367 -60.09478397243369
-0.9977879927092758 0.06388090442632459 -0.018394337576455113 -13.772366110720247 -0.06150369204206252 -0.7820968136410154 0.6201144007018095 -39.66560726669819 0.025227315957042105 0.6198740227999981 0.7842957212603991 -60.99049961872112
-0.9978336166422557 0.06370410155610937 -0.016427444827843495 -13.652092292413288 -0.06013051812447072 -0.7818263522508863 0.6205899416814263 -40.40579485386257 0.026690715403022043 0.6202332967287466 0.7839631772859502 -61.86844183002585
-0.9984160207216554 0.05475358688015122 -0.01294195851097332 -13.600804145963258 -0.051012062095741245 -0.7839415821988573 0.6187352949527712 -41.15189559374641 0.02373223729617213 0.6184154270579909 0.7854929283511202 -62.74635312222998
-0.9990075548952907 0.04336042194912181 -0.010187201310153415 -13.557126973200509 -0.04040723819929436 -0.7860432352117827 0.6168494852708404 -41.88151239411451 0.018739273284859127 0.616648932688767 0.7870152053490304 -63.63446820587629
-0.9994121576426963 0.033388351400475386 -0.007781847257266578 -13.565157131326227 -0.031065736830221628 -0.7859729358575831 0.6174799301148242 -42.60833265204993 0.014500315554229298 0.6173586980760676 0.7865481414119972 -64.52678642775186
-0.9997203878677097 0.023024023724321666 -0.005388915770804018 -13.487288478681513 -0.021414745181879094 -0.7849063424337558 0.6192442509188599 -43.366030937298135 0.010027700156963991 0.6191865049714931 0.7851799266988209 -65.39380812055559
-0.9995013732909619 0.020914144858589445 -0.023655936555595194 -12.828597471897924 -0.031074923786686543 -0.7843911764773118 0.6194875554651528 -43.97074704577369 -0.005599455432420687 0.6199137688496519 0.7846499635439342 -66.12614939558085
-0.9996161313559244 -0.014434706843390738 -0.023648026796507328 -12.729094266397926 -0.0033243386558604038 -0.7848949008789302 0.6196199991500891 -44.707420170469135 -0.027505248690457205 0.6194607605107907 0.7845456184836455 -67.0127569780928
-0.9994992028498897 -0.02354975659784393 -0.021136519737763156 -12.644455540336168 0.005336804653057395 -0.7838280445251791 0.6209550025017347 -45.45652936359443 -0.03119073610124502 0.6205312285292528 0.7835611861248973 -67.89020489049719
-0.9998153850547716 -0.005445612751671224 -0.018426641298553526 -12.579655570721958 -0.007134292425798624 -0.7852321720672064 0.6191603490390839 -46.21648952883203 -0.017840899062819764 0.6191775038326112 0.7850483558789638 -68.75648194951644
-0.9998454709950297 -0.007184697333486507 -0.016044134596844943 -12.544337721626448 -0.004232456243112019 -0.7874368107816654 0.6163808525093473 -46.952273314905376 -0.017062252046124368 0.6163535098871694 0.7872847200377375 -69.65184666705744
-0.9997806168257684 -0.014987080756794748 -0.01463234874803596 -12.490511715742047 0.002845164370299928 -0.7892856890738248 0.6140195486000118 -47.712473000259976 -0.020751464025479754 0.613843211605092 0.7891551737821682 -70.52736019205247
-0.9990601310073794 -0.04079391359170495 -0.014653028540176622 -12.364077280053205 0.02328473623304778 -0.7902186217742964 0.6123825200474672 -48.455006395970514 -0.03656057562572282 0.6114657688006835 0.7904257953122005 -71.4217767941102
-0.9989774092430183 -0.042556467266170246 -0.015267053282804366 -12.303568130228884 0.024299343876152044 -0.7901263791717734 0.6124621186849758 -49.18261116546272 -0.03812712563654947 0.6114648412057176 0.7903524974718439 -72.34404904756376
-0.998238459839883 -0.05661314285036152 -0.01774624898711271 -12.243841468665405 0.03383338016906346 -0.7889073677176419 0.6135800416792861 -49.94727781410871 -0.04873684112500358 0.6118987802058707 0.789433089691421 -73.24394480828052
-0.9985806044541633 -0.048938578284187385 -0.021018847815475673 -12.148447965664753 0.025720650152934846 -0.7886592025382038 0.6142923655780793 -50.68608770343443 -0.04663930277864483 0.6128798232992615 0.7887985152299715 -74.16665771326423
-0.9981007612267969 -0.05700183898188191 -0.02335938336475923 -12.113282757317458 0.03061917508696424 -0.7880870735642335 0.6148017815507324 -51.43394362103578 -0.05345406023392548 0.6129188811202128 0.7883356573255293 -75.09541230274168
-0.9974723392802942 -0.06519711788349633 -0.02825364030337833 -12.030919875003091 0.03409573911155927 -0.7880256343196017 0.6146975518331138 -52.1925353194837 -0.06234110157146575 0.612180476228116 0.7882567167997967 -76.02078107148743
-0.9974290092712292 -0.06395849093619446 -0.032321554748937664 -11.931451511231606 0.030607692888781325 -0.7880444569874485 0.6148569776357601 -52.954260831563296 -0.0647961464922875 0.6122868978253011 0.7879760238428839 -76.9435282663474
-0.9967071632624852 -0.07136651295525559 -0.03849222687591972 -11.76904744497602 0.03271230091706367 -0.788273418760172 0.6144549801611671 -53.72034262340304 -0.07419390857726432 0.6111725109204162 0.7880123259348698 -77.86042799446072
-0.9958562239567301 -0.07948456197613676 -0.044188070948113084 -11.64553717125726 0.03566703327556356 -0.788332041883125 0.6142153160559433 -54.48573053330528 -0.08365550755314152 0.6100940879469764 0.787900348970727 -78.78643976858439
-0.9957116286937666 -0.0787435407076036 -0.04855725775666473 -11.540696139527942 0.032288120984107514 -0.7876744043640241 0.615245081209996 -55.25535557391718 -0.08669388517844231 0.611038859244335 0.7868390450187825 -79.7193085606347
-0.9945124416496545 -0.08695699356119312 -0.058167728809468425 -11.352336682925143 0.03293279104300927 -0.7879450126034797 0.6148642845274221 -56.044320673030256 -0.09929972144055003 0.6095745552302105 0.7864848548686366 -80.6258098171384
-0.9918004692676307 -0.1080137559574631 -0.06829976342916642 -11.148341423847572 0.043574461869951536 -0.7882419964241555 0.6138206752350438 -56.81812552603877 -0.12013781849718619 0.6058115083070239 0.7864854232403333 -81.54269522082613
-0.9918004692676308 -0.10801375595746203 -0.06829976342916806 -12.357583976144227 0.04357446186995093 -0.7882419964241559 0.6138206752350432 -56.76499781021354 -0.1201378184971853 0.6058115083070236 0.7864854232403337 -81.6891720241434
-0.9918004692676309 -0.10801375595746089 -0.06829976342916722 -13.568249669360949 0.04357446186995117 -0.7882419964241562 0.613820675235043 -56.711807569110626 -0.12013781849718315 0.6058115083070236 0.7864854232403339 -81.8358212139949
-0.989870234919076 -0.11993523009408726 -0.075976697766766 -13.378364961348792 0.048457312266124195 -0.7884107300335589 0.6132376453349021 -57.49184718217221 -0.13344964184743038 0.6033440654802509 0.7862360534474199 -82.75918393133315
-0.9873699322956175 -0.1348264978933299 -0.0832011554269446 -13.190190726955981 0.05601239250860666 -0.7883065678326179 0.6127278082455708 -58.28465881732991 -0.1481999618219262 0.6003287187681311 0.7859021572296467 -83.67519868858035
-0.9797605699013222 -0.17741305850891126 -0.09270292518125055 -12.945936304173232 0.08511850767638879 -0.7884072551198427 0.609236275779226 -59.080912492635505 -0.18117412982429812 0.5890149461133535 0.7875514763731385 -84.578519667122
-0.9796378099207249 -0.17600998081280075 -0.09659320901602698 -12.714002097531887 0.08153168915340028 -0.7884053707847143 0.6097290832669959 -59.859084030629994 -0.18347300901639368 0.5894382562848315 0.786702101808802 -85.50493232454026
-0.9796378099207255 -0.17600998081279884 -0.09659320901602478 -13.919238075440575 0.08153168915340019 -0.7884053707847146 0.6097290832669954 -59.758776627105725 -0.18347300901639071 0.5894382562848316 0.7867021018088026 -85.73065684150191
-0.9788771225924396 -0.1783913171126726 -0.09988051283389826 -13.690709585399969 0.08142714111759257 -0.7882881138077382 0.6098946387031571 -60.546982730570654 -0.18753452896619413 0.5888789244048833 0.7861630955706294 -86.662191242756
-0.9670116038292405 -0.23030103021846496 -0.10885767561327335 -13.448505352702522 0.11856817824023955 -0.7851635839904747 0.6078319944557244 -61.352173016353824 -0.2254554172522851 0.5748735355324281 0.7865686702227994 -87.57474847463831
-0.958968778238325 -0.25961736650274464 -0.11391973215508036 -13.209763542229991 0.140153652155652 -0.7833955228265662 0.605514994531699 -62.16695803472727 -0.24644641639013257 0.5647037079969258 0.7876381694807604 -88.48063903043739
-0.9577048654588844 -0.2630856198275377 -0.11656477734012209 -12.972967853961103 0.14069626564414728 -0.7814906393211561 0.6078461495207499 -62.987463438776885 -0.25100986337230624 0.565736985969079 0.785452551842858 -89.3885878343238
-0.9593690518179154 -0.25711687851976434 -0.11619781923194042 -12.755433663912449 0.1350991638966504 -0.7801436475686705 0.6108388536043496 -63.815254820180655 -0.24770796985247012 0.5703216635711028 0.783181946761464 -90.3000597459734
-0.951115495622443 -0.28342852800635165 -0.12266859214583042 -12.478157885930045 0.15325377189854697 -0.7779883728128327 0.6093007247385397 -64.63484325655155 -0.26812794592461936 0.5607159363529818 0.7833932877770025 -91.20214656142313
-0.9495002513054475 -0.28765660966567985 -0.12531140285923928 -12.25146400732683 0.1553152671799109 -0.7779108234187035 0.6088775891662213 -65.44941511771157 -0.27262875958294835 0.5586666499118138 0.7833039855155791 -92.12337563684454
-0.9422427618188984 -0.3091401355039822 -0.12888349165229043 -11.983163293072053 0.17098334447556213 -0.7748643074274323 0.6085638840639159 -66.26175127292097 -0.2879987390803268 0.5513779844132273 0.782968099345411 -93.04257607908862
-0.9399625899374223 -0.3147590824595752 -0.13189787537088093 -11.686262184879407 0.17310679897484144 -0.7728061802635492 0.6105773037831893 -67.07802297806363 -0.29411624515968154 0.5510874048240239 0.7808958359330065 -93.95273048577097
-0.9372261661876772 -0.3219770033813792 -0.13393253042748615 -11.425651268532464 0.17694322414477548 -0.7700338256475583 0.612975531965053 -67.93009376012292 -0.3004966037119454 0.5507982540387553 0.7786674993252647 -94.84728794076925
-0.9369008534683124 -0.32244051268638035 -0.13508851375637415 -11.14814836111365 0.17624991961458283 -0.7693660646567435 0.6140128861762191 -68.76684732144923 -0.30191514802377023 0.5514598574086312 0.7776498370479183 -95.75255433779932
-0.9332546324752896 -0.3319527819456017 -0.1372703228014063 -10.894902318940195 0.18322026173927528 -0.7685791345261461 0.6129571352543614 -69.62063071528434 -0.3089759321559176 0.5468943815122111 0.7781005133135274 -96.64878878984639
-0.9308490070357605 -0.3373391286324922 -0.14043659919701965 -10.596887031155914 0.1856669484067894 -0.7676718820604527 0.613357698054793 -70.48263401483725 -0.3147187798175768 0.5448689693745101 0.7772193357366447 -97.52833423257802
-0.9283389138322087 -0.34291372562099187 -0.1435166814191994 -10.290473800079546 0.18858668501010023 -0.7671481217515876 0.6131221913533355 -71.33072120824772 -0.32034656748863555 0.5421198539748847 0.7768424168546115 -98.41908107598385
-0.9254701162056685 -0.34945429744237344 -0.14624212118722016 -9.98826863205031 0.19204823306077234 -0.7655675567400374 0.614022631704507 -72.22152374693472 -0.3265310707857926 0.540174055343419 0.775621976058791 -99.27837665647884
-0.9195812332330366 -0.3634513713632239 -0.1492429433501406 -9.686315578981459 0.20157826056483466 -0.762478415432366 0.6148112481627251 -73.10153459982827 -0.33724851423435176 0.5352847528689278 0.7744247368161663 -100.1511305945952
-0.9193772653682157 -0.3635691169269221 -0.1502096572829232 -9.385600712638844 0.20044769934039874 -0.7615311931112417 0.6163529522503435 -73.95821329143973 -0.33847623809245053 0.5365517115204799 0.7730110588544269 -101.04554940308651
-0.9159759016876151 -0.3706721746143809 -0.15359129693514711 -9.078300996956337 0.20495779258889135 -0.7613463546304533 0.6150967660035406 -74.83339673007973 -0.3449354298773386 0.5319340816845407 0.7733470643622917 -101.91745508119877
-0.9142189978602413 -0.37390760297329356 -0.15619452099928333 -8.779782666740436 0.20644254789400854 -0.7614479828405379 0.6144741197537227 -75.69553699473633 -0.3486905481518837 0.5295187190901293 0.7733206500299222 -102.8028189661235
-0.9129418066227329 -0.3758955126126116 -0.15887045451604945 -8.450194168506565 0.20704418289694357 -0.7621181309867776 0.6134400221291103 -76.5589429790053 -0.3516674054401012 0.5271418386155027 0.7735964826265114 -103.67417140618551
-0.9111014387980697 -0.37883358939570877 -0.16241699346332183 -8.122531175705813 0.20868712912392376 -0.7637725645391031 0.6108200649908134 -77.40995494483758 -0.3554488013175981 0.5226247039730655 0.7749319766527664 -104.55438223676597
-0.9055057624788357 -0.38924574079843427 -0.16895877422588979 -7.773545737569728 0.21493998359652217 -0.7640562179941115 0.6082917878749192 -78.2754870636112 -0.3658689896249273 0.5144957230286971 0.7755217813936813 -105.41024966695204
-0.9017149075467029 -0.39703543216511156 -0.17109380793447507 -7.4744378868520585 0.22042370406535605 -0.7626522782601134 0.608091188187078 -79.12328884120834 -0.3719188301150753 0.5106117586485155 0.7752109491846195 -106.30142417410414
-0.8991970779144703 -0.40145297191477 -0.17401185709856573 -7.1276237884837474 0.22244414564356949 -0.7619084720760011 0.6082878284560042 -79.96029548146731 -0.3767800646783176 0.5082627189944394 0.774406735082668 -107.18328941722
-0.8947698925654002 -0.4095583210529174 -0.1779011551812774 -6.774374984265597 0.22705647165536125 -0.760372900129911 0.6085050627788164 -80.79627592083767 -0.3844895291655384 0.5040784010492335 0.7733516454742476 -108.07040096492388
-0.8964363602787413 -0.4057554029217885 -0.17822571354884575 -6.44670223970942 0.22298762106739436 -0.7605128485736021 0.6098333608496459 -81.63258888922707 -0.382986126146789 0.5069346704993163 0.7722298019533053 -108.95970043427027
-0.8904079223148201 -0.4165220249963735 -0.18352965583779962 -6.058870709247628 0.2292494614978576 -0.7587326964191827 0.60972893960138 -82.47034978932359 -0.3932154832683535 0.5008334035159838 0.7710690537433379 -109.8252109510027
-0.8894389351146962 -0.4170182550578885 -0.18706724900560492 -5.68294233920372 0.2271975422950599 -0.7585430775459493 0.6107320822440957 -83.31545965873629 -0.39658499401406644 0.500707673653601 0.7694232697724166 -110.68672753958765
-0.8857148885597149 -0.42190760614263867 -0.1936571921273666 -5.246935958035071 0.22720894167191402 -0.7577563421925065 0.6117037049841748 -84.1638119542668 -0.4048274113841579 0.49779443322121325 0.7670172548554489 -111.51204104070219
-0.8766518526571087 -0.43772172191366104 -0.19970283773100414 -4.83817099595056 0.23701945297846327 -0.7541224857916479 0.6124712689859171 -85.04984673967645 -0.41869237889250777 0.4895906152985096 0.7648514373843952 -112.31680732454227
-0.8679481232889283 -0.45261639812522697 -0.20446136903432488 -4.488488645509475 0.24686822882558723 -0.7503878472218422 0.6131673151255621 -85.90214466035249 -0.4309549081699418 0.48172240438858854 0.7630343322776048 -113.17929869992071
-0.8670871767725099 -0.4534503973251458 -0.2062584908370157 -4.1672460213237015 0.24643465185941618 -0.7502795829996669 0.6134741312368256 -86.73658683978545 -0.43293162305337024 0.4811063130946429 0.7623036962135695 -114.06829586996884
-0.8591237816198307 -0.4666032597332034 -0.21020876732812072 -3.832448461733478 0.2558137321546157 -0.747297385215754 0.6132747773150526 -87.57292745754543 -0.4432444723810856 0.473104656557144 0.7613844768890262 -114.95292047891105
-0.8543194309536122 -0.4737369457160089 -0.21380275058750026 -3.4558192153059677 0.25978776011985083 -0.745501582363998 0.6137896303984685 -88.44658328110015 -0.4501651136938819 0.46882907008466285 0.7599675476338072 -115.78612338172046
-0.839125790165245 -0.49598099222852066 -0.22331762945988404 -2.979427556076111 0.2756312946975366 -0.7416669025814411 0.6115207232781353 -89.3115769660682 -0.46892994963313145 0.45158948278638056 0.7590597087013755 -116.57220675900835
-0.8262572078183817 -0.5132484421078136 -0.23211002391557894 -2.546024500184732 0.2872542469486016 -0.7383735255865289 0.6101553362242396 -90.20878841462023 -0.48454517244337697 0.4374706543150406 0.7575192423133604 -117.34830706427618
-0.8137370795929536 -0.5305408027953001 -0.2373992878356331 -2.1552574409192955 0.2999667150011573 -0.7331764527578712 0.6103050540613296 -91.06358788175672 -0.49784730107429936 0.4254159678370228 0.7557574472820928 -118.19168294009165
-0.8057740884286635 -0.538766845446341 -0.24588290844377558 -1.6748573932184234 0.30078167997064775 -0.729953281834885 0.6137577594886438 -91.98308668591297 -0.5101553679135497 0.42059302489019873 0.7502286371518508 -118.91649712056655
-0.8014558495615751 -0.5440065024475077 -0.2484460635598402 -1.2832403041647038 0.30355874075831457 -0.7279694774053777 0.6147459075710651 -92.8353381512597 -0.5152869221247316 0.41727372941628915 0.74857332481612 -119.76376884034228
-0.7928343519216083 -0.5548392148222632 -0.2521252389358804 -0.875457357260952 0.3113347538688212 -0.7243846125103695 0.6150915413104352 -93.6937345784811 -0.5239125513351472 0.4091703543191068 0.7470577351851003 -120.60116787674495
-0.7867805418800913 -0.5621295140869155 -0.25492506410962346 -0.48920427424047697 0.31596684817983484 -0.7215979609354978 0.6160043292258891 -94.53410644205883 -0.5302276207160385 0.4041123509200719 0.7453535255593013 -121.46308527788368
-0.7720512636674985 -0.5792077404570315 -0.26163952236635935 -0.049909048054468774 0.3290867495617555 -0.7165000707703133 0.6150850021330538 -95.40478671347911 -0.5437267305662998 0.38877505318731914 0.7437843776840826 -122.2682937311911
-0.7557374384581175 -0.5973695216009102 -0.26834786895945584 0.38231915453890375 0.34259396968516787 -0.7098666552055739 0.6154012542744884 -96.27827181719864 -0.5581131570283417 0.37314740584594386 0.7411280034260741 -123.06910436285936
-0.7517174015655044 -0.6011447051093639 -0.2711936424450263 0.8372651678232661 0.34333539373948146 -0.7078290808235845 0.6173320012328853 -97.13539783536572 -0.5630646104927771 0.3709488318615145 0.7384816914123288 -123.8854580717471
-0.7363924208454815 -0.6172641306797735 -0.2769678600442538 1.2627720296263072 0.3557924761551222 -0.7015219649108027 0.6174776487121603 -98.02118474546072 -0.5754458414418853 0.3561627798125977 0.7362133915132368 -124.67954555073723
-0.719321561817801 -0.6352684352281688 -0.28108807499922844 1.674961220600917 0.3720560111053155 -0.6940124836869032 0.6163773171419775 -98.87505725771985 -0.5866436868359041 0.3387929864821541 0.7355735836788184 -125.5105556421754
-0.6971082782196528 -0.6555554475653894 -0.29032241319779717 2.1779420080047975 0.38792297289146677 -0.6854130254966686 0.6162181039068515 -99.7536234984651 -0.6029558985039455 0.3169480077975756 0.732112112188062 -126.26433593714027
-0.6824184231510285 -0.6697903799394076 -0.2927216129442904 2.6353723123801105 0.3981571271723615 -0.6764461073991498 0.6195898368004398 -100.61307050986125 -0.6130057078249258 0.3062703229586065 0.728301099442333 -127.06755225294904
-0.6814312214223411 -0.6713740303700179 -0.29139046280822994 3.10155174108817 0.3958959993625609 -0.6729930433148014 0.6247773374079826 -101.53385050987805 -0.615563033457662 0.3103824656687424 0.7243927642141449 -127.7992566245989
-0.6653682089857812 -0.6849936967269429 -0.296763848734025 3.5361128245750417 0.4072164196139312 -0.6662186955622437 0.6247619044725435 -102.42919140338402 -0.625667590712423 0.29484959746912887 0.7222214208983428 -128.56759309175027
-0.6375234688763667 -0.7061030477305889 -0.3081920060894489 4.011380670326635 0.4262466156409315 -0.6564896943180138 0.6223625180784099 -103.35278014102964 -0.6417769466773643 0.2654049118607683 0.7195016215921087 -129.2636427765263
-0.6301966664317207 -0.7104306031613531 -0.3132738733283737 4.487821518725963 0.42870667418120745 -0.6547786268848812 0.622475330665597 -104.23187604409031 -0.6473505612346823 0.25797927797897613 0.7172056490314381 -130.0136022275638
-0.6249194191561559 -0.7129709236204919 -0.31803801916326907 5.020534104087078 0.4277002620274102 -0.6534703434396792 0.6245390268882466 -105.13921250988632 -0.6531065804470515 0.2542616217925515 0.7133041583085011 -130.68327575602353
-0.6097816209528621 -0.7234430666856387 -0.3237228815091679 5.535350315863718 0.43584035754919903 -0.6472230192794317 0.625416298193618 -106.03181474054605 -0.6619739855005706 0.24027586765903666 0.7099703866649694 -131.3864488601247
-0.5891344674121228 -0.7382454983891362 -0.32850291233904 6.022963393837288 0.4475592690042015 -0.6366164906705946 0.6280208153673627 -106.97599365274037 -0.6727639110679782 0.22296418527297288 0.7054613327816738 -132.03681619998866
-0.5775740652937396 -0.7455460829998314 -0.3325195290861765 6.533201058040078 0.4514682134224858 -0.6310911007875322 0.6307935278487683 -107.89652114877433 -0.6801357595136394 0.2142079845159771 0.7010922107686165 -132.6915783760674
-0.5663892010062004 -0.7518507292000507 -0.33752593083336746 7.056856670577047 0.45582106950869344 -0.626991796068488 0.6317502989748142 -108.81598682371622 -0.6866079125494637 0.20396511629239664 0.6978307859075259 -133.32728579308818
-0.5662932034162461 -0.7513513894240073 -0.33879654274387483 7.557422714533172 0.4533952638473802 -0.6272576277961149 0.6332302923047493 -109.75297932769891 -0.6882911756555897 0.20498526284153054 0.6958708928619253 -133.95010466448446
-0.549185708123836 -0.762014809958731 -0.3431158512749046 8.034305196390141 0.46437808946434755 -0.6196115358129635 0.6327989686408676 -110.6163892180173 -0.694800725401166 0.1881886662131026 0.6941447816493078 -134.68024440735792
-0.5509017705600973 -0.7603873738193383 -0.34397424457349096 8.561509760895824 0.46059353377626 -0.6207178817593096 0.6344784534621595 -111.52469930481637 -0.695960369444461 0.19110299055842156 0.6921840876258104 -135.30337347041583
-0.5432612484743474 -0.7646350673011401 -0.34669933625477 9.065336880405447 0.46250646413847146 -0.6172077788024855 0.6365079170095455 -112.44151302029056 -0.7006818012024039 0.18543940152807262 0.6889537298140459 -135.92652398918244
-0.5408650877049459 -0.7662917613153316 -0.34678796611502 9.544606391789054 0.46197954210770553 -0.6151859084493098 0.6388436434052948 -113.30828146119853 -0.7028796906839032 0.18531927742588136 0.686743697341643 -136.627313431543
-0.5392841906650432 -0.7664179433494721 -0.3489643216873879 10.052126115506365 0.45941631624740437 -0.6150444453426861 0.6408252325078753 -114.2274056295864 -0.7057685244217385 0.18526701369936235 0.6837886541691832 -137.22509823110576
-0.5360083481618398 -0.7676800763355514 -0.3512297696640804 10.562838065175567 0.4580633644150426 -0.6139438112861352 0.6428459774815628 -115.15132857108144 -0.7091353924897641 0.18368532053733544 0.6807251267123204 -137.79969548368638
-0.5200442013129706 -0.7761443334285505 -0.3565865986931238 11.080492498525436 0.46630804076533133 -0.6077628457959017 0.6427916726184815 -116.0284976986367 -0.7156192002723076 0.16800088379775152 0.6779858872018045 -138.42507672996356
-0.5208991199115637 -0.774600958189877 -0.3586885312450181 11.616198692283449 0.4621923031494444 -0.6092073474765215 0.6443948189503333 -116.88746985017237 -0.7176645329015464 0.16988161569738283 0.6753501720317192 -139.047197181867
-0.5108283244052088 -0.7799096432040317 -0.3616564273212253 12.11567271822301 0.4669886362682872 -0.6049446796901183 0.6449523611173967 -117.71896926445515 -0.7217866974263769 0.16057049215839198 0.6732318177762814 -139.7176601124971
